R=1;
L=0.2;
Il=0.005;
Kb=0.22;
Kt=0.2;