Kd=0.01;
Ks=0.02;
m=65;